# Created by Octave 4.0.3, Tue Feb 04 17:36:19 2020 EST <stephanos@Kois-MacBook.local>
# name: v
# type: matrix
# rows: 10
# columns: 1
 3999
 3299
 3690
 2320
 5399
 2999
 3149
 1989
 2120
 2425


